Example orientation for testing 

[(0, (0, 0)), (1, (0, 1)), (0, (-1, 1)), (1, (-2, 1)), (1, (-2, 2)), (0, (-1, 2)), (0, (0, 2)), (1, (0, 3)), (0, (0, 4)), (1, (0, 5)), (1, 
(0, 6)), (0, (0, 7)), (1, (-1, 7)), (0, (-2, 7)), (0, (-2, 6)), (1, (-1, 6)), (1, (-1, 5)), (0, (-1, 4)), (1, (-2, 4)), (0, (-2, 5))]

crossover testing
chromosome1 = [(0, (0, 0)), (1, (1, 0)), (0, (1, 1)), (1, (0, 1)), (1, (-1, 1)), (0, (-1, 2)), (0, (-1, 3)), (1, (0, 3)), (0, (0, 4)), (1, (0, 5)), (1, (1, 5)), (0, (2, 5)), (1, (2, 4)), (0, (3, 4)), (0, (3, 5)), (1, (4, 5)), (1, (4, 6)), (0, (3, 6)), (1, (2, 6)), (0, (1, 6))] 
chromosome2 = [(0, (0, 0)), (1, (0, -1)), (0, (0, -2)), (1, (-1, -2)), (1, (-1, -1)), (0, (-1, 0)), (0, (-1, 1)), (1, (-2, 1)), (0, (-3, 1)), (1, (-4, 1)), (1, (-4, 0)), (0, (-5, 0)), (1, (-6, 0)), (0, (-6, -1)), (0, (-6, -2)), (1, (-7, -2)), (1, (-7, -3)), (0, (-6, -3)), (1, (-5, -3)), (0, (-5, -2))] 
crossoverPosition = 4  
crossoverChromosome = [(0, (0, 0)), (1, (1, 0)), (0, (1, 1)), (1, (0, 1)), (1, (-1, 1)), (0, (-2, 1)), (0, (-2, 2)), (1, (-3, 2)), (0, (-4, 2)), (1, (-5, 2)), (1, (-5, 1)), (0, (-6, 1)), (1, (-7, 1)), (0, (-7, 0)), (0, (-7, -1)), (1, (-8, -1)), (1, (-8, -2)), (0, (-7, -2)), (1, (-6, -2)), (0, (-6, -1))]


Mutation Testing
[('h', (0, 0)), ('p', (-1, 0)), ('h', (-2, 0)), ('p', (-3, 0)), ('p', (-3, -1)), ('h', (-3, -2)), ('h', (-3, -3)), ('p', (-3, -4)), ('h', (-2, -4)), ('p', (-2, -3)), ('p', (-2, -2)), ('h', (-1, -2)), ('p', (0, -2)), ('h', (1, -2)), ('h', (1, -1)), ('p', (2, -1)), ('p', (2, 0)), ('h', (2, 1)), ('p', (2, 2)), ('h', (3, 2))]
[('h', (0, 0)), ('p', (-1, 0)), ('h', (-2, 0)), ('p', (-3, 0)), ('p', (-4, 0)), ('h', (-5, 0)), ('h', (-6, 0)), ('p', (-7, 0)), ('h', (-7, -1)), ('p', (-6, -1)), ('p', (-5, -1)), ('h', (-5, -2)),
('p', (-5, -3)), ('h', (-5, -4)), ('h', (-4, -4)), ('p', (-4, -5)), ('p', (-3, -5)), ('h', (-2, -5)), ('p', (-1, -5)), ('h', (-1, -6))]
